 1 8
 2 3
 3 1
 4 3
 5 1
 6 12
 7 7
 8 11
 9 4
 10 11
 11 3
 12 4
 13 7
 14 11
 15 9
 16 8
 17 8
 18 8
 19 10
 20 7
 21 9
 22 2
 23 8
 24 11
 25 7
 26 5
 27 6
 28 9
 29 6
 30 5
 31 12
 32 7
 33 6
 34 10
 35 5
 36 9
 37 6
 38 3
 39 4
 40 12
 41 12
 42 10
 43 8
 44 3
 45 6
 46 8
 47 6
 48 9
 49 11
 50 8
 51 8
 52 3
 53 3
 54 3
 55 2
 56 2
 57 2
 58 8
 59 10
 60 6
 61 12
 62 1
 63 11
 64 10
 65 1
 66 7
 67 6
 68 3
 69 4
 70 3
 71 7
 72 2
 73 8
 74 6
 75 5
 76 6
 77 12
 78 4
 79 12
 80 10
 81 10
 82 3
 83 11
 84 7
 85 4
 86 9
 87 1
 88 8
 89 11
 90 7
 91 12
 92 5
 93 8
 94 8
 95 10
 96 6
 97 5
 98 1
 99 2
 100 2
 101 4
 102 12
 103 1
 104 11
 105 10
 106 10
 107 3
 108 9
 109 6
 110 12
 111 10
 112 3
 113 10
 114 5
 115 2