 1 2
 2 1
 3 2
 4 3
 5 1
 6 2
 7 1
 8 2
 9 2
 10 2
 11 1
 12 2
 13 1
 14 1
 15 2
 16 3
 17 3
 18 1
 19 2
 20 3
 21 2
 22 2
 23 2
 24 2
 25 2
 26 1
 27 1
 28 2
 29 1
 30 1
 31 3
 32 3
 33 2
 34 1
 35 1
 36 1
 37 1
 38 1
 39 2
 40 1
 41 1
 42 1
 43 1
 44 2
 45 1
 46 3
 47 1
 48 1
 49 2
 50 2
 51 1
 52 1
 53 2
 54 1
 55 2
 56 3
 57 2
 58 2
 59 2
 60 3
 61 3
 62 3
 63 1
 64 3
 65 1
 66 1
 67 3
 68 1
 69 2
 70 1
 71 3
 72 3
 73 3
 74 3
 75 3
 76 3
 77 3
 78 3
 79 2
 80 3
 81 3
 82 2
 83 3
 84 3
 85 3
 86 1
 87 3
 88 1
 89 1
 90 3
 91 3
 92 3
 93 3
 94 2
 95 1
 96 3
 97 3
 98 3
 99 1
 100 3
 101 3
 102 1
 103 1
 104 2
 105 1